Server version 2017.05.18. K-point grid has 80 total points and 24 distinct points. Actual minimum periodic distance is 18.6327257924056 Angstroms. Grid does not include gamma point. 
24
Fractional
0.31250000000000 0.10000000000000 0.56250000000000 4.0 ! 1
0.43750000000000 0.10000000000000 0.18750000000000 4.0 ! 2
0.81250000000000 0.10000000000000 0.06250000000000 4.0 ! 3
0.93750000000000 0.10000000000000 0.68750000000000 4.0 ! 4
0.31250000000000 0.20000000000000 0.06250000000000 4.0 ! 5
0.43750000000000 0.20000000000000 0.68750000000000 4.0 ! 6
0.81250000000000 0.20000000000000 0.56250000000000 4.0 ! 7
0.93750000000000 0.20000000000000 0.18750000000000 4.0 ! 8
0.31250000000000 0.30000000000000 0.56250000000000 4.0 ! 9
0.43750000000000 0.30000000000000 0.18750000000000 4.0 ! 10
0.81250000000000 0.30000000000000 0.06250000000000 4.0 ! 11
0.93750000000000 0.30000000000000 0.68750000000000 4.0 ! 12
0.31250000000000 0.40000000000000 0.06250000000000 4.0 ! 13
0.43750000000000 0.40000000000000 0.68750000000000 4.0 ! 14
0.81250000000000 0.40000000000000 0.56250000000000 4.0 ! 15
0.93750000000000 0.40000000000000 0.18750000000000 4.0 ! 16
0.31250000000000 0.50000000000000 0.56250000000000 2.0 ! 17
0.43750000000000 0.50000000000000 0.18750000000000 2.0 ! 18
0.81250000000000 0.50000000000000 0.06250000000000 2.0 ! 19
0.93750000000000 0.50000000000000 0.68750000000000 2.0 ! 20
0.31250000000000 1.00000000000000 0.06250000000000 2.0 ! 21
0.43750000000000 1.00000000000000 0.68750000000000 2.0 ! 22
0.81250000000000 1.00000000000000 0.56250000000000 2.0 ! 23
0.93750000000000 1.00000000000000 0.18750000000000 2.0 ! 24
Tetrahedra
138    0.0020833333333333333
4    1   1   22   22   
2    1   1   22   23   
2    1   1   22   24   
2    1   1   23   24   
4    1   1   6   22   
2    1   1   6   6   
4    1   2   22   23   
4    1   2   6   22   
4    1   2   6   7   
4    1   2   7   23   
4    1   3   22   24   
4    1   3   6   22   
4    1   3   6   8   
4    1   3   8   24   
4    1   4   23   24   
4    1   4   7   23   
4    1   4   7   8   
4    1   4   8   24   
4    1   6   6   9   
4    1   6   7   9   
4    1   6   8   9   
4    1   7   8   9   
2    11   11   16   16   
4    11   12   13   16   
4    11   13   14   19   
4    11   13   16   19   
4    11   14   16   19   
4    11   16   16   19   
2    12   12   15   15   
4    12   13   15   20   
4    12   13   16   20   
4    12   15   15   20   
4    12   15   16   20   
4    13   13   18   18   
2    13   13   18   19   
2    13   13   18   20   
2    13   13   19   20   
4    13   14   18   19   
4    13   15   18   20   
4    13   16   19   20   
4    14   14   17   17   
2    14   14   17   18   
2    14   14   17   19   
2    14   14   18   19   
4    14   15   17   18   
4    14   16   17   19   
2    15   15   17   18   
2    15   15   17   20   
2    15   15   18   20   
4    15   15   20   20   
4    15   16   17   20   
2    16   16   17   19   
2    16   16   17   20   
4    16   16   19   19   
2    16   16   19   20   
4    2   2   21   21   
2    2   2   21   22   
2    2   2   21   23   
2    2   2   22   23   
4    2   2   5   21   
2    2   2   5   5   
4    2   3   21   22   
4    2   3   5   21   
4    2   3   5   6   
4    2   3   6   22   
4    2   4   21   23   
4    2   4   5   21   
4    2   4   5   7   
4    2   4   7   23   
4    2   5   5   10   
4    2   5   6   10   
4    2   5   7   10   
4    2   6   7   10   
2    3   3   21   22   
2    3   3   21   24   
2    3   3   22   24   
4    3   3   24   24   
4    3   3   8   24   
2    3   3   8   8   
4    3   4   21   24   
4    3   4   5   21   
4    3   4   5   8   
4    3   4   8   24   
4    3   5   6   11   
4    3   5   8   11   
4    3   6   8   11   
4    3   8   8   11   
2    4   4   21   23   
2    4   4   21   24   
4    4   4   23   23   
2    4   4   23   24   
4    4   4   7   23   
2    4   4   7   7   
4    4   5   7   12   
4    4   5   8   12   
4    4   7   7   12   
4    4   7   8   12   
4    5   11   12   13   
2    5   5   10   10   
4    5   6   10   11   
4    5   7   10   12   
4    5   8   11   12   
4    5   10   11   13   
4    5   10   12   13   
4    5   10   10   13   
2    6   6   9   9   
4    6   7   9   10   
4    6   8   9   11   
4    6   9   11   14   
4    6   9   9   14   
4    6   9   10   14   
4    6   10   11   14   
4    7   12   12   15   
2    7   7   12   12   
4    7   8   9   12   
4    7   9   12   15   
4    7   9   10   15   
4    7   10   12   15   
4    8   11   11   16   
4    8   11   12   16   
2    8   8   11   11   
4    8   9   11   16   
4    8   9   12   16   
4    9   11   14   16   
4    9   12   15   16   
4    9   14   14   17   
4    9   14   15   17   
4    9   14   16   17   
4    9   15   16   17   
2    9   9   14   14   
4    9   10   14   15   
4    10   11   13   14   
4    10   12   13   15   
4    10   13   13   18   
4    10   13   14   18   
4    10   13   15   18   
4    10   14   15   18   
2    10   10   13   13   
